config = (n = 2, d = (:one_d_for_all, 30), GN = 200, time_interval = [0.0, 1.0], p_true = [[1.0, 1.0]], ic = [100.0, 100.0], num_points = 100, sample_range = 0.2, distance = Main.DynamicalSystems.log_L2_norm, aggregate_distances = sum, model_func = Main.DynamicalSystems.define_lotka_volterra_2D_model_v3_two_outputs, basis = :chebyshev, precision = RationalPrecision, my_eps = 0.02, fine_step = 0.002, coarse_step = 0.02, plot_range = StepRangeLen{Float64, Base.TwicePrecision{Float64}, Base.TwicePrecision{Float64}, Int64}[-0.22:0.002:0.22, -0.22:0.002:0.22], plot_range_coarse = StepRangeLen{Float64, Base.TwicePrecision{Float64}, Base.TwicePrecision{Float64}, Int64}[-0.22:0.02:0.22, -0.22:0.02:0.22], p_center = [1.05, 0.95])


Condition number of the Vandermonde system: 4.000000000000033
L2 norm (error of approximation): 0.6273254909673865
Polynomial system:
   Number of sols: 841
   Bezout bound: [29, 29] which is 841
Critical points found:
276×3 DataFrame
 Row │ x1        x2        z
     │ Float64   Float64   Float64
─────┼───────────────────────────────
   1 │ 1.24842   1.1491     2.3452
   2 │ 1.13606   1.14895    2.35205
   3 │ 1.10189   1.14896    2.35466
   4 │ 0.911657  1.14897    2.36853
   5 │ 0.886732  1.14897    2.37036
   6 │ 0.889666  1.14897    2.37013
   7 │ 0.931362  1.14897    2.36711
   8 │ 0.852537  1.14889    2.37206
   9 │ 1.1104    1.14896    2.35402
  10 │ 1.15297   1.14892    2.35057
  11 │ 1.24902   1.13108    2.17453
  12 │ 1.10641   1.13072    2.18294
  13 │ 0.930819  1.13125    2.20289
  14 │ 1.24721   0.874907   2.4298
  15 │ 1.24116   1.13131    2.17752
  16 │ 1.24892   1.1088     1.9236
  17 │ 1.06876   1.10792    1.93115
  18 │ 0.858885  1.10792    1.95263
  19 │ 0.946366  1.10888    1.95546
  20 │ 1.20107   1.14105    2.27564
  21 │ 1.07369   1.07637    1.46066
  22 │ 1.02992   1.07791    1.49463
  23 │ 0.973143  1.07921    1.52517
  24 │ 0.902945  1.07889    1.52977
  25 │ 0.874122  1.078      1.51855
  26 │ 0.850608  1.07682    1.50145
  27 │ 0.899863  1.0789     1.53027
  28 │ 0.934225  1.07902    1.52743
  29 │ 0.984848  1.07917    1.52293
  30 │ 1.06162   1.07666    1.46766
  31 │ 1.24678   0.837016   2.85113
  32 │ 1.09925   1.07561    1.44317
  33 │ 1.24925   1.04394    0.641045
  34 │ 1.2468    1.14188    2.27987
  35 │ 1.0225    1.04083    0.598952
  36 │ 0.989582  1.04272    0.671555
  37 │ 0.940159  1.04376    0.717859
  38 │ 0.89662   1.04248    0.688404
  39 │ 0.850739  1.04012    0.622899
  40 │ 0.926577  1.04377    0.721871
  41 │ 0.949447  1.04386    0.718682
  42 │ 1.22651   1.1453     2.31287
  43 │ 1.24162   1.14522    2.31096
  44 │ 1.24529   1.14521    2.31055
  45 │ 1.232     1.14526    2.31207
  46 │ 1.14149   1.14504    2.3169
  47 │ 0.907159  1.14526    2.33634
  48 │ 0.850471  1.14514    2.33947
  49 │ 0.896094  1.14529    2.33743
  50 │ 0.934386  1.14523    2.33408
  51 │ 1.24712   1.1491     2.34528
  52 │ 0.938164  0.999327  -7.28125
  53 │ 1.24642   0.804307   3.15188
  54 │ 1.1204    1.00124   -6.66194
  55 │ 1.24834   0.959087   0.768473
  56 │ 1.24706   0.959148   0.76597
  57 │ 1.24908   1.1452     2.31017
  58 │ 0.992713  0.956272   0.793613
  59 │ 0.860331  0.836834   2.82191
  60 │ 0.937316  0.95362    0.866952
  61 │ 0.927877  0.953383   0.872175
  62 │ 0.895213  0.95503    0.808801
  63 │ 0.951833  0.953636   0.870304
  64 │ 1.24789   0.916239   1.81481
  65 │ 1.22042   0.916839   1.79997
  66 │ 1.20089   0.91721    1.79035
  67 │ 1.24765   0.916244   1.81468
  68 │ 1.15915   0.916948   1.78895
  69 │ 1.0346    0.915973   1.78832
  70 │ 0.987447  0.91401    1.81691
  71 │ 0.851164  0.803367   3.13293
  72 │ 0.903925  0.913404   1.81563
  73 │ 0.89878   0.913023   1.82172
  74 │ 0.978764  0.914412   1.80841
  75 │ 1.14341   0.91829    1.76192
  76 │ 1.18218   0.917122   1.78919
  77 │ 1.21509   0.916947   1.79723
  78 │ 1.09957   0.751157   3.55421
  79 │ 1.06031   0.751159   3.55201
  80 │ 1.01963   0.751157   3.54975
  81 │ 0.976451  0.751146   3.54741
  82 │ 0.897863  0.75122    3.54248
  83 │ 0.850866  0.751137   3.54043
  84 │ 0.949908  0.751132   3.54603
  85 │ 0.986561  0.751149   3.54795
  86 │ 1.02539   0.751157   3.55007
  87 │ 1.0685    0.751159   3.55246
  88 │ 1.11098   0.751156   3.55485
  89 │ 1.14919   0.751153   3.557
  90 │ 1.18158   0.751151   3.55882
  91 │ 1.24932   0.75113    3.56274
  92 │ 1.22784   0.75119    3.56112
  93 │ 1.17377   0.751152   3.55838
  94 │ 1.13778   0.751154   3.55636
  95 │ 1.24825   0.874899   2.43
  96 │ 1.22025   0.875062   2.42513
  97 │ 1.20096   0.875067   2.4231
  98 │ 1.10839   0.875496   2.40828
  99 │ 1.07327   0.874616   2.41583
 100 │ 1.24571   1.13115    2.17548
 101 │ 0.875088  0.873679   2.40746
 102 │ 1.1032    0.875493   2.40778
 103 │ 1.17454   0.87543    2.41585
 104 │ 1.21541   0.875079   2.42442
 105 │ 1.24851   0.837018   2.85125
 106 │ 1.22356   0.836871   2.85072
 107 │ 1.10832   0.836429   2.84592
 108 │ 0.857537  0.808603   3.08775
 109 │ 0.850375  0.837654   2.81279
 110 │ 0.859981  0.836784   2.82238
 111 │ 1.24482   0.786612   3.29744
 112 │ 1.20313   0.837047   2.84733
 113 │ 1.23585   0.836979   2.85062
 114 │ 1.24868   0.804331   3.15183
 115 │ 1.14664   0.804242   3.14564
 116 │ 1.23799   0.836987   2.85071
 117 │ 1.04032   0.803887   3.14142
 118 │ 0.906368  0.805492   3.11836
 119 │ 0.880184  0.805556   3.116
 120 │ 0.875108  0.805462   3.11646
 121 │ 0.900174  0.805546   3.11747
 122 │ 0.937304  0.805149   3.12347
 123 │ 1.07303   0.803754   3.1448
 124 │ 1.246     0.813564   3.07129
 125 │ 1.22509   0.80424    3.151
 126 │ 1.24884   0.778286   3.36285
 127 │ 1.17863   0.778362   3.35797
 128 │ 1.24012   0.804183   3.1525
 129 │ 1.1022    0.778208   3.35447
 130 │ 1.05913   0.778215   3.35177
 131 │ 0.850071  0.840744   2.78111
 132 │ 1.00089   0.778189   3.34839
 133 │ 0.906097  0.778988   3.33632
 134 │ 0.859844  0.778302   3.3388
 135 │ 0.901416  0.779012   3.33583
 136 │ 0.937036  0.778797   3.33972
 137 │ 0.850502  0.777606   3.34365
 138 │ 1.03317   0.778104   3.35104
 139 │ 1.06952   0.778223   3.35235
 140 │ 1.10838   0.778196   3.35494
 141 │ 1.24137   0.760435   3.49581
 142 │ 1.20612   0.760415   3.49394
 143 │ 1.17709   0.76028    3.49325
 144 │ 1.13911   0.760302   3.49092
 145 │ 1.10049   0.760329   3.4885
 146 │ 1.06026   0.760341   3.4861
 147 │ 1.01691   0.760305   3.48385
 148 │ 0.96539   0.760299   3.48093
 149 │ 0.875833  0.760512   3.47419
 150 │ 0.936496  0.760574   3.47725
 151 │ 0.992447  0.760232   3.48298
 152 │ 1.0281    0.76032    3.48439
 153 │ 1.06853   0.76034    3.48658
 154 │ 1.24717   0.846022   2.75939
 155 │ 1.11011   0.760322   3.4891
 156 │ 1.14787   0.760294   3.49147
 157 │ 1.17811   0.76028    3.49331
 158 │ 1.21335   0.7667     3.44827
 159 │ 1.01164   0.76559    3.44466
 160 │ 0.956117  0.765715   3.44047
 161 │ 0.881388  0.765496   3.4377
 162 │ 0.945107  0.765668   3.44017
 163 │ 0.987624  0.76561    3.44311
 164 │ 1.19272   0.766571   3.44802
 165 │ 1.24913   0.786763   3.29651
 166 │ 1.18615   0.786639   3.29351
 167 │ 1.24006   0.77831    3.36213
 168 │ 1.05199   0.78499    3.29815
 169 │ 0.963735  0.784574   3.29589
 170 │ 0.879026  0.78345    3.29947
 171 │ 0.87464   0.783469   3.29905
 172 │ 0.852044  0.783683   3.29592
 173 │ 0.863441  0.783788   3.2958
 174 │ 0.942144  0.784254   3.29707
 175 │ 1.02988   0.784943   3.29713
 176 │ 1.1604    0.786377   3.29397
 177 │ 1.24881   0.813583   3.07131
 178 │ 1.24068   0.813526   3.07124
 179 │ 1.15359   0.813148   3.06843
 180 │ 1.09172   0.811645   3.07738
 181 │ 0.970372  0.809787   3.08524
 182 │ 0.880465  0.807543   3.09867
 183 │ 0.862408  0.808136   3.0922
 184 │ 0.852668  0.809531   3.07921
 185 │ 0.874433  0.807616   3.09761
 186 │ 0.939521  0.808945   3.0905
 187 │ 0.864022  0.765208   3.43882
 188 │ 1.07363   0.811446   3.07787
 189 │ 1.1215    0.81257    3.07129
 190 │ 1.23165   0.813325   3.07239
 191 │ 1.24828   0.846027   2.75942
 192 │ 1.22247   0.845845   2.75916
 193 │ 1.1292    0.844772   2.76255
 194 │ 1.0087    0.841705   2.78432
 195 │ 0.977242  0.840282   2.79636
 196 │ 0.85769   0.840357   2.78574
 197 │ 0.862187  0.83937    2.79624
 198 │ 0.989263  0.840901   2.791
 199 │ 1.08474   0.844761   2.75894
 200 │ 1.21148   0.845592   2.76088
 201 │ 1.21866   0.754246   3.53897
 202 │ 1.24774   0.754135   3.54139
 203 │ 1.23305   0.754291   3.53947
 204 │ 0.973231  0.753859   3.52791
 205 │ 0.944891  0.753938   3.52575
 206 │ 0.903214  0.754093   3.52228
 207 │ 0.88709   0.753999   3.52204
 208 │ 0.850805  0.760133   3.47552
 209 │ 1.24897   1.04004    0.504329
 210 │ 1.19787   0.882072   2.33246
 211 │ 1.15305   0.88063    2.34669
 212 │ 1.10689   0.880917   2.33802
 213 │ 1.07791   0.881076   2.33283
 214 │ 1.0135    0.878039   2.36584
 215 │ 0.873199  0.876496   2.37116
 216 │ 1.03625   0.879842   2.34468
 217 │ 1.10269   0.880902   2.33778
 218 │ 1.14941   0.880666   2.34585
 219 │ 1.18222   0.881523   2.33805
 220 │ 1.19862   0.92084    1.72247
 221 │ 1.15542   0.920168   1.72858
 222 │ 0.976318  0.91688    1.76294
 223 │ 0.906126  0.916352   1.76218
 224 │ 0.895324  0.917341   1.74208
 225 │ 0.992809  0.918418   1.7367
 226 │ 1.03807   0.918825   1.73596
 227 │ 1.14501   0.919195   1.7453
 228 │ 1.18133   0.920577   1.72481
 229 │ 0.938462  0.960328   0.631755
 230 │ 0.890544  0.959327   0.654749
 231 │ 0.923387  0.960754   0.61078
 232 │ 0.955397  0.960975   0.612346
 233 │ 0.999563  0.960045   0.661149
 234 │ 1.24473   1.04045    0.52049
 235 │ 0.85102   1.13059    2.20293
 236 │ 0.940064  1.03503    0.409908
 237 │ 0.854319  1.03502    0.437328
 238 │ 0.920855  1.03432    0.38797
 239 │ 0.955097  1.03479    0.395794
 240 │ 0.852521  1.03506    0.439393
 241 │ 0.910117  1.07048    1.37635
 242 │ 0.854528  1.0694     1.36431
 243 │ 0.891567  1.06965    1.36327
 244 │ 0.925572  1.07076    1.37918
 245 │ 0.85269   1.06943    1.36514
 246 │ 0.987681  1.07109    1.37573
 247 │ 1.09788   1.14069    2.28027
 248 │ 1.06467   1.14075    2.28347
 249 │ 0.911962  1.14081    2.29574
 250 │ 1.06643   1.14075    2.28331
 251 │ 0.929253  1.1408     2.29436
 252 │ 1.11521   1.14058    2.2779
 253 │ 1.21573   1.14136    2.27741
 254 │ 1.24861   1.1419     2.27987
 255 │ 1.24678   1.12729    2.13546
 256 │ 1.24829   1.10494    1.87442
 257 │ 1.15704   1.10269    1.85486
 258 │ 1.01738   1.10124    1.85094
 259 │ 0.975578  1.07118    1.37935
 260 │ 0.910512  1.10073    1.85597
 261 │ 0.885469  1.10029    1.85289
 262 │ 0.869544  1.0996     1.84553
 263 │ 0.891711  1.10042    1.85385
 264 │ 0.937275  1.10112    1.85821
 265 │ 1.03249   1.10096    1.8456
 266 │ 1.24324   1.04321    0.618116
 267 │ 1.24868   1.12733    2.13575
 268 │ 1.19417   1.12551    2.12127
 269 │ 1.05787   1.12458    2.12343
 270 │ 0.886866  1.12417    2.13416
 271 │ 0.867144  1.12385    2.13253
 272 │ 0.85553   1.12335    2.12826
 273 │ 0.901638  1.12438    2.13511
 274 │ 0.868053  1.12387    2.13264
 275 │ 1.07439   1.12438    2.11988
 276 │ 1.23734   1.12671    2.1302
Number of critical points: 276
────────────────────────────────────────────────────────────────────────────────────────────
                                                   Time                    Allocations      
                                          ───────────────────────   ────────────────────────
            Tot / % measured:                  8.84s /  97.4%           2.86GiB /  98.9%    

Section                           ncalls     time    %tot     avg     alloc    %tot      avg
────────────────────────────────────────────────────────────────────────────────────────────
Constructor                            1    5.67s   65.8%   5.67s   2.70GiB   95.1%  2.70GiB
  MainGenerate                         1    5.66s   65.7%   5.66s   2.70GiB   95.1%  2.70GiB
    evaluation                         1    4.83s   56.0%   4.83s   2.51GiB   88.5%  2.51GiB
    lambda_vandermonde_original        1    659ms    7.6%   659ms    153MiB    5.3%   153MiB
    generate_grid                      1   58.1ms    0.7%  58.1ms   20.4MiB    0.7%  20.4MiB
    norm_computation                   1   20.0ms    0.2%  20.0ms   10.9MiB    0.4%  10.9MiB
    linear_solve_vandermonde           1   10.2ms    0.1%  10.2ms   2.02MiB    0.1%  2.02MiB
solve_polynomial_system                1    2.95s   34.2%   2.95s    141MiB    4.9%   141MiB
test_input                             1    587ns    0.0%   587ns      240B    0.0%     240B
────────────────────────────────────────────────────────────────────────────────────────────
