config = (n = 2, d = (:one_d_for_all, 40), GN = 200, time_interval = [0.0, 1.0], p_true = [[1.0, 1.0]], ic = [100.0, 100.0], num_points = 100, sample_range = 0.2, distance = Main.DynamicalSystems.log_L2_norm, model_func = Main.DynamicalSystems.define_lotka_volterra_2D_model_v3, basis = :chebyshev, precision = RationalPrecision, my_eps = 0.02, fine_step = 0.002, coarse_step = 0.02, plot_range = StepRangeLen{Float64, Base.TwicePrecision{Float64}, Base.TwicePrecision{Float64}, Int64}[-0.22:0.002:0.22, -0.22:0.002:0.22], plot_range_coarse = StepRangeLen{Float64, Base.TwicePrecision{Float64}, Base.TwicePrecision{Float64}, Int64}[-0.22:0.02:0.22, -0.22:0.02:0.22], p_center = [1.05, 0.95])


Condition number of the Vandermonde system: 4.00000000000004
L2 norm (error of approximation): 0.5351622741250043
Polynomial system:
   Number of sols: 1521
   Bezout bound: [39, 39] which is 1521
Critical points found:
447×3 DataFrame
 Row │ x1        x2        z
     │ Float64   Float64   Float64
─────┼────────────────────────────────
   1 │ 1.15667   1.1493     2.35366
   2 │ 1.12929   1.14936    2.35616
   3 │ 1.09971   1.14938    2.35848
   4 │ 1.06824   1.1494     2.3609
   5 │ 1.03515   1.14942    2.36346
   6 │ 0.852853  1.14926    2.37528
   7 │ 0.865347  1.14978    2.37878
   8 │ 1.24982   0.943811   1.22479
   9 │ 1.05697   1.1494     2.36177
  10 │ 1.08736   1.14939    2.35944
  11 │ 1.1174    1.14937    2.35711
  12 │ 1.14578   1.14934    2.35478
  13 │ 1.03424   1.13536    2.23469
  14 │ 0.865149  1.13448    2.23982
  15 │ 1.24971   0.913271   1.86751
  16 │ 1.05756   1.13504    2.22973
  17 │ 1.10139   1.1343     2.21899
  18 │ 1.05633   1.12066    2.08125
  19 │ 1.03608   1.12115    2.08841
  20 │ 0.86727   1.11996    2.09078
  21 │ 0.885987  1.12134    2.10404
  22 │ 0.856853  1.11883    2.07935
  23 │ 0.877977  1.12069    2.09778
  24 │ 0.865114  1.11981    2.08934
  25 │ 1.02799   1.12138    2.0917
  26 │ 1.24962   0.883643   2.31713
  27 │ 1.07058   1.12015    2.07426
  28 │ 1.03917   1.10197    1.85824
  29 │ 1.00357   1.10362    1.88362
  30 │ 0.867581  1.10061    1.85909
  31 │ 0.883387  1.10204    1.87606
  32 │ 0.878188  1.10171    1.87238
  33 │ 0.894822  1.10277    1.88424
  34 │ 1.00053   1.10408    1.88989
  35 │ 1.02575   1.10264    1.86844
  36 │ 0.915425  1.08083    1.5607
  37 │ 1.04986   1.08064    1.53886
  38 │ 1.24945   0.829821   2.9216
  39 │ 1.00823   1.08012    1.53588
  40 │ 0.850418  0.878631   2.34089
  41 │ 0.934831  1.0815     1.56916
  42 │ 0.903481  1.08029    1.55332
  43 │ 0.882849  1.07877    1.53054
  44 │ 0.995102  1.08105    1.55339
  45 │ 0.895327  1.07989    1.54767
  46 │ 0.850796  1.1493     2.37575
  47 │ 1.24934   0.806849   3.13028
  48 │ 0.851243  0.826461   2.92326
  49 │ 0.966908  1.05515    1.03103
  50 │ 0.928361  1.05499    1.03475
  51 │ 0.902138  1.05367    1.00697
  52 │ 0.916131  1.05464    1.02859
  53 │ 0.978635  1.05472    1.01761
  54 │ 1.01981   1.05609    1.04339
  55 │ 0.939517  1.02611    0.0024998
  56 │ 0.924964  1.0255    -0.0237813
  57 │ 0.951335  1.02585   -0.0166202
  58 │ 1.24914   0.787215   3.29291
  59 │ 1.01712   0.970168   0.235495
  60 │ 0.853393  0.784123   3.29249
  61 │ 0.952055  0.971864   0.121628
  62 │ 0.926361  0.97171    0.118669
  63 │ 0.938382  0.9714     0.140235
  64 │ 1.1152    0.941027   1.26792
  65 │ 1.08409   0.939705   1.29461
  66 │ 1.04663   0.940137   1.27624
  67 │ 0.853386  0.768815   3.41116
  68 │ 0.980371  0.940341   1.25751
  69 │ 0.947397  0.939143   1.28094
  70 │ 0.914658  0.939283   1.27074
  71 │ 0.862507  0.937615   1.30173
  72 │ 0.903602  0.939854   1.25403
  73 │ 0.867257  0.938351   1.28443
  74 │ 0.930661  0.939075   1.27923
  75 │ 0.938627  0.939048   1.28151
  76 │ 0.96489   0.939492   1.27574
  77 │ 1.05061   0.940052   1.27919
  78 │ 1.07294   0.939673   1.29316
  79 │ 1.09864   0.940213   1.28493
  80 │ 1.14035   0.94187    1.25174
  81 │ 1.17972   0.912863   1.86474
  82 │ 1.14881   0.912582   1.86527
  83 │ 1.08636   0.911177   1.88085
  84 │ 1.01118   0.910004   1.89055
  85 │ 0.978259  0.90829    1.91521
  86 │ 0.937491  0.907519   1.92265
  87 │ 0.89376   0.908178   1.90549
  88 │ 0.854132  0.907368   1.91379
  89 │ 0.884278  0.908849   1.89274
  90 │ 0.864185  0.908632   1.89367
  91 │ 0.851562  0.906847   1.92223
  92 │ 0.865926  0.908837   1.89039
  93 │ 0.904923  0.907843   1.91272
  94 │ 0.91395   0.907646   1.91728
  95 │ 0.966697  0.90793    1.91971
  96 │ 0.993194  0.908836   1.908
  97 │ 1.07344   0.911058   1.8811
  98 │ 1.09724   0.91133    1.87975
  99 │ 1.15761   0.91283    1.86219
 100 │ 1.18911   0.912839   1.86648
 101 │ 0.942161  0.752338   3.53701
 102 │ 0.976663  0.752278   3.53938
 103 │ 0.899178  0.752319   3.53474
 104 │ 0.850452  0.751988   3.53435
 105 │ 0.963976  0.752278   3.53867
 106 │ 0.987832  0.75228    3.54
 107 │ 0.850974  1.13305    2.22712
 108 │ 1.24699   0.752402   3.55363
 109 │ 1.24965   0.752367   3.55403
 110 │ 1.22751   0.752402   3.55254
 111 │ 1.17442   0.883266   2.31405
 112 │ 1.08466   0.882415   2.31576
 113 │ 1.04419   0.881269   2.32666
 114 │ 1.01148   0.879508   2.34644
 115 │ 0.975084  0.878226   2.35937
 116 │ 0.937769  0.877462   2.36539
 117 │ 0.893513  0.877824   2.35602
 118 │ 0.876593  0.878457   2.34595
 119 │ 0.855128  0.879234   2.33342
 120 │ 0.884728  0.87811    2.35136
 121 │ 0.851211  0.87874    2.33952
 122 │ 0.86879   0.879171   2.33572
 123 │ 0.906389  0.877586   2.36049
 124 │ 0.913697  0.877486   2.36255
 125 │ 0.968655  0.878032   2.36122
 126 │ 0.857054  0.907803   1.90682
 127 │ 0.994211  0.878838   2.35339
 128 │ 1.02085   0.87988    2.34254
 129 │ 1.07624   0.882359   2.31559
 130 │ 1.09855   0.88256    2.31531
 131 │ 1.19112   0.8835     2.31273
 132 │ 1.22321   0.855628   2.65412
 133 │ 1.19745   0.855438   2.65393
 134 │ 1.12213   0.854996   2.65212
 135 │ 1.07827   0.854294   2.65598
 136 │ 1.01429   0.851895   2.6767
 137 │ 0.972257  0.850654   2.68653
 138 │ 0.93793   0.849852   2.69225
 139 │ 0.893677  0.849765   2.68934
 140 │ 0.876585  0.850123   2.68395
 141 │ 0.863526  0.850734   2.67615
 142 │ 0.868698  0.850442   2.67979
 143 │ 0.885143  0.849917   2.68694
 144 │ 0.907543  0.849655   2.69174
 145 │ 0.913633  0.84964    2.69243
 146 │ 0.970448  0.850603   2.68694
 147 │ 0.856019  0.879357   2.33189
 148 │ 0.993566  0.851267   2.68173
 149 │ 1.01781   0.851998   2.67588
 150 │ 1.24955   0.799171   3.19544
 151 │ 1.10109   0.855033   2.64984
 152 │ 1.13749   0.854912   2.65442
 153 │ 1.21184   0.855624   2.65315
 154 │ 1.2244    0.855629   2.65421
 155 │ 1.24715   0.829824   2.92139
 156 │ 1.22903   0.829835   2.91989
 157 │ 1.21631   0.829669   2.92051
 158 │ 1.14846   0.829224   2.91957
 159 │ 1.10685   0.828669   2.9217
 160 │ 0.975161  0.82599    2.93723
 161 │ 0.938366  0.82516    2.94231
 162 │ 0.908931  0.824712   2.94432
 163 │ 0.876703  0.824745   2.94157
 164 │ 0.863507  0.825075   2.93743
 165 │ 0.854806  0.825654   2.93125
 166 │ 0.868636  0.824912   2.93937
 167 │ 0.885395  0.824663   2.94301
 168 │ 0.893784  0.824636   2.9439
 169 │ 0.913044  0.824753   2.94425
 170 │ 0.967527  0.825807   2.93839
 171 │ 0.857653  0.851465   2.66763
 172 │ 0.990445  0.826348   2.93498
 173 │ 1.13595   0.829189   2.91895
 174 │ 1.15302   0.829241   2.91976
 175 │ 1.23452   0.829832   2.92034
 176 │ 1.24759   0.80685    3.13015
 177 │ 1.23138   0.806687   3.13044
 178 │ 1.13822   0.805978   3.13015
 179 │ 0.850121  0.846412   2.72164
 180 │ 1.07222   0.805194   3.13237
 181 │ 0.93913   0.803484   3.13796
 182 │ 0.885939  0.80274    3.1407
 183 │ 0.863518  0.802891   3.13787
 184 │ 0.855021  0.803283   3.13392
 185 │ 0.868329  0.802797   3.13901
 186 │ 0.876535  0.802729   3.14016
 187 │ 0.893181  0.802788   3.14079
 188 │ 0.964135  0.803951   3.13566
 189 │ 1.24956   0.821763   2.99736
 190 │ 1.07829   0.805194   3.13279
 191 │ 1.16096   0.806338   3.1286
 192 │ 1.24373   0.806846   3.12991
 193 │ 1.24806   0.787212   3.29286
 194 │ 1.16558   0.786549   3.29293
 195 │ 0.850154  0.875116   2.38657
 196 │ 0.851731  0.778761   3.33472
 197 │ 0.940152  0.785073   3.29042
 198 │ 0.887045  0.784387   3.29252
 199 │ 0.863995  0.784424   3.29077
 200 │ 0.89135   0.784425   3.29249
 201 │ 0.867039  0.784372   3.29138
 202 │ 0.876142  0.784335   3.29225
 203 │ 0.960858  0.785356   3.28948
 204 │ 1.04952   0.785791   3.29162
 205 │ 1.03764   0.785826   3.29059
 206 │ 1.18503   0.786795   3.2922
 207 │ 1.24863   0.771279   3.41618
 208 │ 1.18982   0.770897   3.41555
 209 │ 0.941331  0.770226   3.40576
 210 │ 1.00478   0.770392   3.40831
 211 │ 0.862327  0.769312   3.40794
 212 │ 0.854979  0.768877   3.41079
 213 │ 0.889681  0.76978    3.40604
 214 │ 0.95698   0.770352   3.40575
 215 │ 0.85719   0.825435   2.93352
 216 │ 1.02001   0.770334   3.40966
 217 │ 1.24959   0.875924   2.41725
 218 │ 1.20595   0.771064   3.41526
 219 │ 1.21061   0.759424   3.50138
 220 │ 0.943025  0.759243   3.48734
 221 │ 0.877235  0.758768   3.48701
 222 │ 0.949417  0.75926    3.48758
 223 │ 0.856387  0.80318    3.1349
 224 │ 0.991064  0.759091   3.49121
 225 │ 1.24959   0.906174   1.98657
 226 │ 1.23819   0.798954   3.19649
 227 │ 1.22298   0.759523   3.50137
 228 │ 1.15536   0.755576   3.52592
 229 │ 1.12862   0.755587   3.52433
 230 │ 1.09922   0.755597   3.52259
 231 │ 1.06805   0.755606   3.52076
 232 │ 0.857414  0.755396   3.51031
 233 │ 0.887348  0.755645   3.51022
 234 │ 0.99103   0.755606   3.5164
 235 │ 1.02307   0.75561    3.51818
 236 │ 1.24957   0.937593   1.37806
 237 │ 1.05481   0.755609   3.52
 238 │ 1.08609   0.755602   3.52182
 239 │ 1.11676   0.755591   3.52363
 240 │ 1.17464   0.755568   3.52707
 241 │ 1.21916   0.755638   3.52908
 242 │ 1.24649   0.780213   3.3478
 243 │ 1.22846   0.78011    3.34749
 244 │ 1.12632   0.779739   3.34408
 245 │ 1.24121   0.806846   3.12974
 246 │ 1.09814   0.779793   3.34192
 247 │ 1.06864   0.779827   3.33983
 248 │ 1.01355   0.78001    3.33499
 249 │ 0.937248  0.780428   3.32698
 250 │ 0.909807  0.780383   3.32562
 251 │ 0.887955  0.780246   3.32534
 252 │ 0.859446  0.779322   3.3308
 253 │ 0.891807  0.780281   3.32531
 254 │ 0.913852  0.780396   3.32577
 255 │ 1.04004   0.779834   3.33801
 256 │ 1.05266   0.779837   3.33876
 257 │ 1.24948   0.969489   0.357298
 258 │ 1.08679   0.779811   3.34108
 259 │ 1.11918   0.779756   3.3435
 260 │ 1.1791    0.779855   3.34643
 261 │ 1.21454   0.798849   3.1958
 262 │ 1.22045   0.798839   3.19627
 263 │ 1.24228   0.787072   3.29362
 264 │ 1.08626   0.798376   3.19121
 265 │ 1.044     0.798618   3.18637
 266 │ 0.937483  0.799256   3.17386
 267 │ 0.909796  0.799151   3.17289
 268 │ 0.887631  0.798912   3.17341
 269 │ 0.85221   0.797337   3.1843
 270 │ 0.892379  0.79898    3.17316
 271 │ 0.913406  0.799175   3.17293
 272 │ 1.07046   0.798392   3.19003
 273 │ 1.0978    0.798347   3.19222
 274 │ 1.15456   0.798502   3.19471
 275 │ 1.22572   0.798823   3.19676
 276 │ 1.20082   0.765452   3.45677
 277 │ 1.23113   0.76562    3.4573
 278 │ 1.07812   0.820749   2.99407
 279 │ 0.93763   0.821806   2.97382
 280 │ 0.909735  0.821587   2.97379
 281 │ 0.887784  0.821178   2.97597
 282 │ 0.892037  0.821278   2.97535
 283 │ 0.912872  0.821628   2.97364
 284 │ 0.85063   0.783799   3.2949
 285 │ 1.00878   0.765431   3.44568
 286 │ 1.02097   0.765436   3.44635
 287 │ 1.05434   0.765436   3.44831
 288 │ 1.0865    0.765419   3.45032
 289 │ 1.11765   0.765391   3.45236
 290 │ 1.14781   0.765357   3.45437
 291 │ 1.20022   0.821384   2.99721
 292 │ 1.19729   0.82139    2.99694
 293 │ 1.0375    0.765437   3.44732
 294 │ 0.850117  1.08193    1.58779
 295 │ 1.15404   0.765349   3.4548
 296 │ 1.12781   0.76538    3.45303
 297 │ 1.09873   0.765409   3.45112
 298 │ 1.06811   0.76543    3.44917
 299 │ 0.871312  0.765304   3.43853
 300 │ 0.850562  0.768704   3.41182
 301 │ 1.09784   0.820524   2.9976
 302 │ 1.12751   0.820892   2.99639
 303 │ 1.20999   0.821347   2.99827
 304 │ 1.22545   0.821476   2.99823
 305 │ 1.24957   0.847558   2.74347
 306 │ 0.850146  1.10424    1.90776
 307 │ 0.937744  0.847383   2.71879
 308 │ 0.909704  0.846947   2.72104
 309 │ 0.888526  0.846348   2.7256
 310 │ 0.852065  0.845797   2.72836
 311 │ 0.890867  0.846427   2.72497
 312 │ 0.912139  0.847004   2.72063
 313 │ 0.850504  0.758131   3.49011
 314 │ 1.1002    0.846674   2.74016
 315 │ 1.19005   0.847142   2.74282
 316 │ 1.20875   0.84726    2.74316
 317 │ 1.16723   0.875533   2.41381
 318 │ 1.12886   0.875693   2.40787
 319 │ 1.11397   0.875815   2.4048
 320 │ 1.08788   0.875641   2.40433
 321 │ 0.850121  1.12274    2.12229
 322 │ 0.858777  0.873755   2.40483
 323 │ 0.937962  0.874995   2.39717
 324 │ 0.852382  0.874846   2.39026
 325 │ 0.852885  0.874789   2.39104
 326 │ 1.07032   0.875098   2.40942
 327 │ 1.10041   0.875772   2.40395
 328 │ 1.18874   0.875692   2.41399
 329 │ 1.12968   0.906403   1.96702
 330 │ 1.10089   0.906499   1.96161
 331 │ 1.08601   0.906404   1.9612
 332 │ 1.05751   0.905833   1.96679
 333 │ 0.969492  0.904147   1.98266
 334 │ 0.858979  0.904838   1.95672
 335 │ 0.938956  0.903899   1.98267
 336 │ 0.870025  0.903426   1.9813
 337 │ 0.851877  0.905794   1.93991
 338 │ 0.860761  0.904663   1.95984
 339 │ 0.853308  0.905536   1.94439
 340 │ 0.973789  0.904135   1.98342
 341 │ 1.03948   0.904931   1.97913
 342 │ 1.07069   0.906164   1.96312
 343 │ 1.11375   0.906501   1.9633
 344 │ 1.1392    0.906284   1.97024
 345 │ 1.16104   0.906026   1.97733
 346 │ 1.08588   0.750625   3.5572
 347 │ 1.1164    0.750624   3.55891
 348 │ 1.1459    0.750623   3.56056
 349 │ 1.23388   0.750646   3.56528
 350 │ 1.24309   0.750645   3.5658
 351 │ 1.24902   0.750624   3.56627
 352 │ 1.24874   0.750624   3.56626
 353 │ 1.23837   0.750658   3.56545
 354 │ 0.85008   1.0563     1.0826
 355 │ 1.15583   0.750622   3.56111
 356 │ 1.12894   0.750624   3.55961
 357 │ 1.09944   0.750625   3.55796
 358 │ 1.06807   0.750626   3.55621
 359 │ 1.03591   0.750626   3.55441
 360 │ 1.00439   0.750626   3.55265
 361 │ 0.974476  0.750625   3.55099
 362 │ 0.962975  0.750625   3.55034
 363 │ 0.99287   0.750626   3.55201
 364 │ 1.05493   0.750626   3.55547
 365 │ 1.20801   0.938001   1.36043
 366 │ 1.20566   0.937998   1.36004
 367 │ 1.10007   0.938924   1.31704
 368 │ 1.08399   0.939119   1.30906
 369 │ 1.24899   0.755642   3.53073
 370 │ 1.0546    0.938122   1.32754
 371 │ 1.02717   0.936753   1.35512
 372 │ 0.969078  0.933963   1.40946
 373 │ 0.946055  0.933814   1.40858
 374 │ 0.885693  0.934069   1.39128
 375 │ 0.870385  0.935581   1.35265
 376 │ 0.861655  0.936699   1.32398
 377 │ 0.87295   0.935376   1.35806
 378 │ 0.974005  0.933937   1.41099
 379 │ 1.00808   0.935368   1.38418
 380 │ 1.04046   0.937439   1.34128
 381 │ 1.07249   0.938866   1.31296
 382 │ 1.11204   0.938633   1.32648
 383 │ 1.14178   0.938488   1.33586
 384 │ 1.17325   0.938332   1.34576
 385 │ 1.17614   0.93828    1.34759
 386 │ 1.24695   0.969556   0.353319
 387 │ 1.22638   0.970054   0.322673
 388 │ 1.00167   0.967509   0.355302
 389 │ 0.948688  0.964127   0.483864
 390 │ 0.905702  0.964967   0.43327
 391 │ 0.8731    0.967321   0.315607
 392 │ 0.931426  0.963989   0.483764
 393 │ 0.858495  1.08242    1.59464
 394 │ 0.936601  0.964074   0.481954
 395 │ 0.976562  0.965616   0.430228
 396 │ 1.00525   0.967751   0.345605
 397 │ 1.24528   0.969599   0.350745
 398 │ 1.22212   0.970129   0.317563
 399 │ 1.23641   0.969822   0.337209
 400 │ 1.24958   0.780334   3.34705
 401 │ 0.851475  1.14653    2.35166
 402 │ 1.12122   1.00117   -7.2135
 403 │ 0.938314  0.999208  -6.50616
 404 │ 0.946923  1.03309    0.328799
 405 │ 0.929414  1.03303    0.332165
 406 │ 0.861536  1.0288     0.169494
 407 │ 0.872811  1.02953    0.199028
 408 │ 0.853917  1.02812    0.139895
 409 │ 0.857632  1.0285     0.156642
 410 │ 0.870142  1.02937    0.192626
 411 │ 0.905392  1.03178    0.287691
 412 │ 0.939704  1.03301    0.327765
 413 │ 0.977322  1.03191    0.267292
 414 │ 0.997394  1.03036    0.190078
 415 │ 1.2385    0.969771   0.340321
 416 │ 0.932126  1.05968    1.14621
 417 │ 0.90833   1.0598     1.15342
 418 │ 0.861426  1.05695    1.09608
 419 │ 0.873586  1.05771    1.11164
 420 │ 0.853471  1.05649    1.08668
 421 │ 0.85156   1.05638    1.08442
 422 │ 0.869766  1.05747    1.10661
 423 │ 0.885191  1.05879    1.13446
 424 │ 0.911224  1.05976    1.15186
 425 │ 1.01325   1.05778    1.086
 426 │ 0.936471  1.08344    1.60067
 427 │ 0.907953  1.08387    1.61142
 428 │ 0.861229  1.0826     1.59718
 429 │ 0.853349  1.08211    1.59019
 430 │ 0.851803  1.08202    1.58905
 431 │ 0.869587  1.08347    1.60999
 432 │ 0.912454  1.08379    1.60948
 433 │ 1.04015   1.0831     1.58117
 434 │ 0.851991  1.12313    2.12629
 435 │ 0.889078  1.10523    1.91616
 436 │ 0.858113  1.05676    1.09222
 437 │ 1.09892   1.12327    2.10579
 438 │ 1.12021   1.12206    2.09075
 439 │ 1.0866    1.10339    1.87163
 440 │ 0.8905    1.10518    1.9154
 441 │ 0.853207  1.10446    1.9103
 442 │ 0.852027  1.10437    1.90931
 443 │ 0.888559  1.12227    2.1138
 444 │ 0.858512  1.10512    1.91807
 445 │ 1.07006   1.10501    1.89443
 446 │ 1.12603   1.13726    2.24568
 447 │ 1.24997   0.974533   0.109102
Number of critical points: 447
────────────────────────────────────────────────────────────────────────────────────────────
                                                   Time                    Allocations      
                                          ───────────────────────   ────────────────────────
            Tot / % measured:                   151s /  60.4%           15.3GiB /  50.4%    

Section                           ncalls     time    %tot     avg     alloc    %tot      avg
────────────────────────────────────────────────────────────────────────────────────────────
solve_polynomial_system                1    78.3s   86.1%   78.3s   4.64GiB   60.2%  4.64GiB
Constructor                            1    12.6s   13.9%   12.6s   3.07GiB   39.8%  3.07GiB
  MainGenerate                         1    12.2s   13.4%   12.2s   3.07GiB   39.7%  3.07GiB
    evaluation                         1    5.92s    6.5%   5.92s   2.47GiB   32.0%  2.47GiB
    linear_solve_vandermonde           1    1.64s    1.8%   1.64s    159MiB    2.0%   159MiB
    lambda_vandermonde_original        1    1.55s    1.7%   1.55s    266MiB    3.4%   266MiB
    norm_computation                   1    1.10s    1.2%   1.10s   64.1MiB    0.8%  64.1MiB
    generate_grid                      1    216ms    0.2%   216ms   31.4MiB    0.4%  31.4MiB
test_input                             1   1.24μs    0.0%  1.24μs      240B    0.0%     240B
────────────────────────────────────────────────────────────────────────────────────────────
